201070900660
201070900661
201070900662
201070900663
201070900664
201070900665
201070900666
201070900667
201070900668
201070900669
201070900670
201070900671
201070900672
201070900673
201070900674
201070900675
201070900676
201070900677
201070900678
201070900679
201070900680
201070900681
201070900682
201070900683
201070900684
201070900685
201070900686
201070900687
201070900688
201070900689
201070900690
201070900691
201070900692
201070900693
201070900694
201070900695
201070900696
201070900697
201070900698
201070900699
201070900700
201070900701
201070900702
201070900703
201070900704
201070900705
201070900706
201070900707
201070900708
201070900709
201070900710
201070900711
201070900712
201070900713
201070900714
201070900715
201070900716
201070900717
201070900718
201070900719
201070900720
201070900721
201070900722
201070900723
201070900724
201070900725
201070900726
201070900727
201070900728
201070900729
201070900730
201070900731
201070900732
201070900733
201070900734
201070900735
201070900736
201070900737
201070900738
201070900739
201070900740
201070900741
201070900742
201070900743
201070900744
201070900745
201070900746
201070900747
201070900748
201070900749
201070900750
201070900751
201070900752
201070900753
201070900754
201070900755
201070900756
201070900757
201070900758
201070900759
201070900760
201070900761
201070900762
201070900763
201070900764
201070900765
201070900766
201070900767
201070900768
201070900769
201070900770
201070900771
201070900772
201070900773
201070900774
201070900775
201070900776
201070900777
201070900778
201070900779
201070900780
201070900781
201070900782
201070900783
201070900784
201070900785
201070900786
201070900787
201070900788
201070900789
201070900790
201070900791
201070900792
201070900793
201070900794
201070900795
201070900796
201070900797
201070900798
201070900799
201070900800
201070900801
201070900802
201070900803
201070900804
201070900805
201070900806
201070900807
201070900808
201070900809
201070900810
201070900811
201070900812
201070900813
201070900814
201070900815
201070900816
201070900817
201070900818
201070900819
201070900820
201070900821
201070900822
201070900823
201070900824
201070900825
201070900826
201070900827
201070900828
201070900829
201070900830
201070900831
201070900832
201070900833
201070900834
201070900835
201070900836
201070900837
201070900838
201070900839
201070900840
201070900841
201070900842
201070900843
201070900844
201070900845
201070900846
201070900847
201070900848
201070900849
201070900850
201070900851
201070900852
201070900853
201070900854
201070900855
201070900856
201070900857
201070900858
201070900859
201070900860
201070900861
201070900862
201070900863
201070900864
201070900865
201070900866
201070900867
201070900868
201070900869
201070900870
201070900871
201070900872
201070900873
201070900874
201070900875
201070900876
201070900877
201070900878
201070900879
201070900880
201070900881
201070900882
201070900883
201070900884
201070900885
201070900886
201070900887
201070900888
201070900889
201070900890
201070900891
201070900892
201070900893
201070900894
201070900895
201070900896
201070900897
201070900898
201070900899
201070900900
201070900901
201070900902
201070900903
201070900904
201070900905
201070900906
201070900907
201070900908
201070900909
201070900910
201070900911
201070900912
201070900913
201070900914
201070900915
201070900916
201070900917
201070900918
201070900919
201070900920
201070900921
201070900922
201070900923
201070900924
201070900925
201070900926
201070900927
201070900928
201070900929
201070900930
201070900931
201070900932
201070900933
201070900934
201070900935
201070900936
201070900937
201070900938
201070900939
201070900940
201070900941
201070900942
201070900943
201070900944
201070900945
201070900946
201070900947
201070900948
201070900949
201070900950
201070900951
201070900952
201070900953
201070900954
201070900955
201070900956
201070900957
201070900958
201070900959
